# Exercício 002

quantidades<-c( 100, 500, 700)
custo<-0.5*(quantidades)^2 + 20*quantidades +100
custo
